E 261 378
E 260 377
E 259 376
B 258 375
B 257 374
B 256 373
B 255 372
B 254 371
7 253 370
7 252 369
7 251 368
7 250 367
F 249 366
F 248 365
F 247 364
F 246 363
9 245 362
9 244 361
9 243 360
9 242 359
9 241 358
9 240 357
9 239 356
9 238 355
9 237 354
9 236 353
9 235 352
A 234 351
A 233 350
A 232 349
A 231 348
A 230 347
A 229 346
A 228 345
A 227 344
A 226 343
A 225 342
6 224 341
6 223 340
6 222 339
6 221 338
6 220 337
6 219 336
6 218 335
6 217 334
6 216 333
6 215 332
6 214 331
5 213 330
5 212 329
5 211 328
5 210 327
5 209 326
5 208 325
5 207 324
5 206 323
5 205 322
5 204 321
C 203 320
D 202 319
D 201 318
D 200 317
D 199 316
E 198 315
E 197 314
E 196 313
E 195 312
B 194 311
B 193 310
B 192 309
B 191 308
B 190 307
7 189 306
7 188 305
7 187 304
7 186 303
F 185 302
F 184 301
F 183 300
F 182 299
9 181 298
9 180 297
9 179 296
9 178 295
9 177 294
9 176 293
9 175 292
9 174 291
9 173 290
9 172 289
A 171 288
A 170 287
A 169 286
A 168 285
A 167 284
A 166 283
A 165 282
A 164 281
A 163 280
A 162 279
A 161 278
6 160 277
6 159 276
6 158 275
6 157 274
6 156 273
6 155 272
6 154 271
6 153 270
6 152 269
6 151 268
5 150 267
5 149 266
5 148 265
5 147 264
5 146 263
5 145 262
5 144 261
5 143 260
5 142 259
5 141 258
5 140 257
3 139 256
D 138 255
D 137 254
D 136 253
D 135 252
E 134 251
E 133 250
E 132 249
E 131 248
B 130 247
B 129 246
B 128 245
B 127 244
7 126 243
7 125 242
7 124 241
7 123 240
7 122 239
F 121 238
F 120 237
F 119 236
F 118 235
9 117 234
9 116 233
9 115 232
9 114 231
9 113 230
9 112 229
9 111 228
9 110 227
9 109 226
9 108 225
A 107 224
A 106 223
A 105 222
A 104 221
A 103 220
A 102 219
A 101 218
A 100 217
A 99 216
A 98 215
A 97 214
6 96 213
6 95 212
6 94 211
6 93 210
6 92 209
6 91 208
6 90 207
6 89 206
6 88 205
6 87 204
5 86 203
5 85 202
5 84 201
5 83 200
5 82 199
5 81 198
5 80 197
5 79 196
5 78 195
5 77 194
5 76 193
3 75 192
D 74 191
D 73 190
D 72 189
D 71 188
E 70 187
E 69 186
E 68 185
E 67 184
B 66 183
B 65 182
B 65 181
B 66 180
7 67 179
7 68 178
7 69 177
7 70 176
7 71 175
F 72 174
F 71 173
F 70 172
F 69 171
9 68 170
9 67 169
9 66 168
9 65 167
9 64 166
9 63 165
9 62 164
9 61 163
9 60 162
9 59 161
A 58 160
A 57 159
A 56 158
A 55 157
A 54 156
A 53 155
A 52 154
A 51 153
A 50 152
A 49 151
A 48 150
6 47 149
6 46 148
6 45 147
6 44 146
6 43 145
6 42 144
6 42 143
6 43 142
6 44 141
6 45 140
5 46 139
5 47 138
5 48 137
5 49 136
5 50 135
5 51 134
5 52 133
5 53 132
5 54 131
5 55 130
5 56 129
3 57 128
D 58 127
D 59 126
D 60 125
D 61 124
E 62 123
E 63 122
E 64 121
E 65 120
B 66 119
B 67 118
B 68 117
B 69 116
7 70 115
7 71 114
7 72 113
7 73 112
7 74 111
F 75 110
F 74 109
F 73 108
F 72 107
9 71 106
9 70 105
9 69 104
9 68 103
9 67 102
9 66 101
9 65 100
9 64 99
9 63 98
9 62 97
A 61 96
A 60 95
A 59 94
A 58 93
A 57 92
A 56 91
A 55 90
A 54 89
A 53 88
A 52 87
A 51 86
6 50 85
6 49 84
6 48 83
6 47 82
6 46 81
6 45 80
6 45 79
6 46 78
6 47 77
6 48 76
5 49 75
5 50 74
5 51 73
5 52 72
5 53 71
5 54 70
5 55 69
5 56 68
5 57 67
5 58 66
5 59 65
3 60 64
D 61 63
D 62 62
D 63 61
D 64 60
E 65 59
E 66 58
E 67 57
E 68 56
B 69 55
B 70 54
B 71 53
B 72 52
7 73 51
7 74 50
7 75 49
7 76 48
7 77 47
F 78 46
F 77 45
F 76 44
F 75 43
9 74 42
9 73 41
9 72 40
9 71 39
9 70 38
9 69 37
9 68 36
9 67 35
9 66 34
9 65 33
A 64 32
A 63 31
A 62 30
A 61 29
A 60 28
A 59 27
A 58 26
A 57 25
A 56 24
A 55 23
A 54 22
6 53 21
6 52 20
6 51 19
6 50 18
6 49 17
6 48 16
6 47 15
6 46 14
6 45 13
6 44 12
5 43 11
5 42 10
5 41 9
5 40 8
5 39 7
5 38 6
5 37 6
E 261 378
E 260 377
E 259 376
B 258 375
B 257 374
B 256 373
B 255 372
B 254 371
7 253 370
7 252 369
7 251 368
7 250 367
F 249 366
F 248 365
F 247 364
F 246 363
9 245 362
9 244 361
9 243 360
9 242 359
9 241 358
9 240 357
9 239 356
9 238 355
9 237 354
9 236 353
9 235 352
A 234 351
A 233 350
A 232 349
A 231 348
A 230 347
A 229 346
A 228 345
A 227 344
A 226 343
A 225 342
6 224 341
6 223 340
6 222 339
6 221 338
6 220 337
6 219 336
6 218 335
6 217 334
6 216 333
6 215 332
6 214 331
5 213 330
5 212 329
5 211 328
5 210 327
5 209 326
5 208 325
5 207 324
5 206 323
5 205 322
5 204 321
C 203 320
D 202 319
D 201 318
D 200 317
D 199 316
E 200 315
E 201 314
E 202 313
E 203 312
B 204 311
B 205 310
B 206 309
B 207 308
B 208 307
7 209 306
7 210 305
7 211 304
7 212 303
F 213 302
F 214 301
F 215 300
F 216 299
9 217 298
9 218 297
9 219 296
9 220 295
9 221 294
9 222 293
9 223 292
9 224 291
9 225 290
9 226 289
9 227 288
A 228 287
A 229 286
A 230 285
A 231 284
A 232 283
A 233 282
A 234 281
A 235 280
A 236 279
A 237 278
6 238 277
6 239 276
6 240 275
6 241 274
6 242 273
6 243 272
6 244 271
6 245 270
6 246 269
6 247 268
6 248 267
5 249 266
5 250 265
5 251 264
5 252 263
5 253 262
5 254 261
5 255 260
5 256 259
5 257 258
5 258 257
C 259 256
D 260 255
D 261 254
D 262 253
D 263 252
E 264 251
E 265 250
E 266 249
E 267 248
B 268 247
B 269 246
B 270 245
B 271 244
B 272 243
7 273 242
7 274 241
7 275 240
7 276 239
F 277 238
F 278 237
F 279 236
F 280 235
9 281 234
9 282 233
9 283 232
9 284 231
9 285 230
9 286 229
9 287 228
9 288 227
9 289 226
9 290 225
9 291 224
A 292 223
A 293 222
A 294 221
A 295 220
A 296 219
A 297 218
A 298 217
A 299 216
A 300 215
A 301 214
6 302 213
6 303 212
6 304 211
6 305 210
6 306 209
6 307 208
6 308 207
6 309 206
E 261 378
E 260 377
E 259 376
B 258 375
B 257 374
B 256 373
B 255 372
B 254 371
7 253 370
7 252 369
7 251 368
7 250 367
F 249 366
F 248 365
F 247 364
F 246 363
9 245 362
9 244 361
9 243 360
9 242 359
9 241 358
9 240 357
9 239 356
9 238 355
9 237 354
9 236 353
9 235 352
A 234 351
A 233 350
A 232 349
A 231 348
A 230 347
A 229 346
A 228 345
A 227 344
A 226 343
A 225 342
6 224 341
6 223 340
6 222 339
6 221 338
6 220 337
6 219 336
6 218 335
6 217 334
6 216 333
6 215 332
6 214 331
5 213 330
5 212 329
5 211 328
5 210 327
5 209 326
5 208 325
5 207 324
5 206 323
5 205 322
5 204 321
C 203 320
D 202 319
D 201 318
D 200 317
D 199 316
E 198 315
E 197 314
E 196 313
E 195 312
B 194 311
B 193 310
B 192 309
B 191 308
B 190 307
7 189 306
7 188 305
7 187 304
7 186 303
F 185 302
F 184 301
F 183 300
F 182 299
9 181 298
9 180 297
9 179 296
9 178 295
9 177 294
9 176 293
9 175 292
9 174 291
9 173 290
9 172 289
A 171 288
A 170 287
A 169 286
A 168 285
A 167 284
A 166 283
A 165 282
A 164 281
A 163 280
A 162 279
A 161 278
6 160 277
6 159 276
6 158 275
6 157 274
6 156 273
6 155 272
6 154 271
6 153 270
6 152 269
6 151 268
5 150 267
5 149 266
5 148 265
5 147 264
5 146 263
5 147 262
5 148 261
5 149 260
5 150 259
5 151 258
5 152 257
3 153 256
D 154 255
D 155 254
D 156 253
D 157 252
E 158 251
E 159 250
E 160 249
E 161 248
B 162 247
B 163 246
B 164 245
B 165 244
7 166 243
7 167 242
7 168 241
7 169 240
7 170 239
F 171 238
F 172 237
F 173 236
F 174 235
9 175 234
9 176 233
9 177 232
9 178 231
9 179 230
9 180 229
9 181 228
9 182 227
9 183 226
9 184 225
A 185 224
A 186 223
A 187 222
A 188 221
A 189 220
A 190 219
A 191 218
A 192 217
A 193 216
A 194 215
A 195 214
6 196 213
6 197 212
6 198 211
6 199 210
6 200 209
6 201 208
6 202 207
6 203 206
6 204 205
6 205 204
6 206 203
5 207 202
5 208 201
5 209 200
5 210 199
5 37 6
5 38 5
5 39 4
5 40 3
5 41 2
5 42 1
3 43 0
3 44 0
3 45 0
3 46 0
3 47 0
3 48 0
3 49 0
3 50 0
3 51 0
3 52 0
3 53 0
3 54 0
3 55 0
3 56 0
3 57 0
3 58 0
3 59 0
3 60 0
3 61 0
3 62 0
3 63 0
3 64 0
3 65 0
3 66 0
3 67 0
3 68 0
3 69 0
3 70 0
3 71 0
3 72 0
3 73 0
3 74 0
3 75 0
3 76 0
3 77 0
3 78 0
3 79 0
3 80 0
3 81 0
3 82 0
3 83 0
3 84 0
3 85 0
3 86 0
3 87 0
3 88 0
3 89 0
3 90 0
3 91 0
3 92 0
3 93 0
3 94 0
3 95 0
3 96 0
3 97 0
3 98 0
3 99 0
3 100 0
3 101 0
3 102 0
3 103 0
5 104 1
5 105 2
5 106 3
5 107 4
5 108 5
5 109 6
5 110 7
5 111 8
5 112 9
5 113 10
5 114 11
6 115 12
6 116 13
6 117 14
6 118 15
6 119 16
6 120 17
6 121 18
6 122 19
6 123 20
6 124 21
A 125 22
A 126 23
A 127 24
A 128 25
A 129 26
A 130 27
A 131 28
A 132 29
A 133 30
A 134 31
A 135 32
9 136 33
9 137 34
9 138 35
9 139 36
9 140 37
9 141 38
9 142 39
9 143 40
9 144 41
9 145 42
F 146 43
F 147 44
F 148 45
F 149 46
7 150 47
7 151 48
7 152 49
7 153 50
7 154 51
B 155 52
B 156 53
B 157 54
B 158 55
E 159 56
E 160 57
E 161 58
E 162 59
D 163 60
D 164 61
D 165 62
D 166 63
3 167 64
5 168 65
5 169 66
5 170 67
5 171 68
5 172 69
5 173 70
5 174 71
5 175 72
5 176 73
5 177 74
5 178 75
6 179 76
6 180 77
6 181 78
6 182 79
6 183 80
6 184 81
6 185 82
6 186 83
6 187 84
6 188 85
A 189 86
A 190 87
A 191 88
A 192 89
A 193 90
A 194 91
A 195 92
A 196 93
A 197 94
A 198 95
A 199 96
9 200 97
9 201 98
9 202 99
9 203 100
9 204 101
9 205 102
9 206 103
9 207 104
9 208 105
9 209 106
F 210 107
F 211 108
F 212 109
F 213 110
7 214 111
7 215 112
7 216 113
7 217 114
B 218 115
B 219 116
B 220 117
B 221 118
B 222 119
E 223 120
E 224 121
E 225 122
E 226 123
D 227 124
D 228 125
D 229 126
D 230 127
C 231 128
5 232 129
5 233 130
5 234 131
5 235 132
5 236 133
5 237 134
5 238 135
5 239 136
5 240 137
5 241 138
6 242 139
6 243 140
6 244 141
6 245 142
6 246 143
6 247 144
6 248 145
6 249 146
6 250 147
6 251 148
6 252 149
A 253 150
A 254 151
A 255 152
A 256 153
A 257 154
A 258 155
A 259 156
A 260 157
A 261 158
A 262 159
9 263 160
9 264 161
9 265 162
9 266 163
9 267 164
9 268 165
9 269 166
9 270 167
9 271 168
9 272 169
9 273 170
F 274 171
F 275 172
F 276 173
F 277 174
7 278 175
7 279 176
7 280 177
7 281 178
B 282 179
B 283 180
B 284 181
B 285 182
E 286 183
E 287 184
E 288 185
E 289 186
E 290 187
D 291 188
D 292 189
D 293 190
D 294 191
C 295 192
5 296 193
5 297 194
5 298 195
5 299 196
5 300 197
5 301 198
5 302 199
5 303 200
5 304 201
5 305 202
6 306 203
6 307 204
6 308 205
6 309 206
5 37 6
5 37 7
5 38 8
5 39 9
5 40 10
5 41 11
6 42 12
6 43 13
6 44 14
6 45 15
6 46 16
6 47 17
6 48 18
6 49 19
6 50 20
6 51 21
A 52 22
A 53 23
A 54 24
A 55 25
A 56 26
A 57 27
A 58 28
A 59 29
A 60 30
A 61 31
A 62 32
9 63 33
9 64 34
9 65 35
9 66 36
9 67 37
9 68 38
9 69 39
9 70 40
9 71 41
9 72 42
F 73 43
F 74 44
F 75 45
F 76 46
7 77 47
7 78 48
7 77 49
7 76 50
7 75 51
B 74 52
B 73 53
B 72 54
B 71 55
E 70 56
E 69 57
E 69 58
E 70 59
D 71 60
D 72 61
D 73 62
D 74 63
3 75 64
5 76 65
5 77 66
5 78 67
5 79 68
5 80 69
5 81 70
5 82 71
5 83 72
5 84 73
5 85 74
5 86 75
6 87 76
6 88 77
6 89 78
6 90 79
6 91 80
6 92 81
6 93 82
6 94 83
6 95 84
6 96 85
A 97 86
A 98 87
A 99 88
A 100 89
A 101 90
A 102 91
A 103 92
A 104 93
A 105 94
A 106 95
A 107 96
9 108 97
9 109 98
9 110 99
9 111 100
9 112 101
9 113 102
9 114 103
9 115 104
9 116 105
9 117 106
F 118 107
F 119 108
F 120 109
F 121 110
7 122 111
7 123 112
7 124 113
7 125 114
7 126 115
B 127 116
B 128 117
B 129 118
B 130 119
E 131 120
E 132 121
E 133 122
E 134 123
D 135 124
D 136 125
D 137 126
D 138 127
3 139 128
5 140 129
5 141 130
5 142 131
5 143 132
5 144 133
5 145 134
5 146 135
5 147 136
5 148 137
5 149 138
5 150 139
6 151 140
6 152 141
6 153 142
6 154 143
6 155 144
6 156 145
6 157 146
6 158 147
6 159 148
6 160 149
A 161 150
A 162 151
A 163 152
A 164 153
A 165 154
A 166 155
A 167 156
A 168 157
A 169 158
A 170 159
A 171 160
9 172 161
9 173 162
9 174 163
9 175 164
9 176 165
9 177 166
9 178 167
9 179 168
9 180 169
9 181 170
F 182 171
F 183 172
F 184 173
F 185 174
7 186 175
7 187 176
7 188 177
7 189 178
B 190 179
B 191 180
B 192 181
B 193 182
B 194 183
E 195 184
E 196 185
E 197 186
E 198 187
D 199 188
D 200 189
D 201 190
D 202 191
C 203 192
5 204 193
5 205 194
5 206 195
5 207 196
5 208 197
5 209 198
5 210 199
6 309 206
6 308 205
6 307 204
6 306 203
5 305 202
5 304 201
5 303 200
5 302 199
5 301 198
5 300 197
5 299 196
5 298 195
5 297 194
5 296 193
C 295 192
D 294 191
D 293 190
D 292 189
D 291 188
E 290 187
E 289 186
E 288 185
E 287 184
E 286 183
B 285 182
B 284 181
B 283 180
B 282 179
7 281 178
7 280 177
7 279 176
7 278 175
7 277 175
7 276 176
7 275 175
7 274 175
7 273 176
7 272 175
7 271 175
7 270 176
7 269 175
7 268 175
7 267 176
7 266 175
7 265 175
7 264 176
7 263 175
7 262 175
7 261 176
7 260 175
7 259 175
7 258 176
7 257 175
7 256 175
7 255 176
7 254 175
7 253 175
7 252 176
7 251 175
7 250 175
7 249 176
7 248 175
7 247 175
7 246 176
7 245 175
7 244 175
7 243 176
7 242 175
7 241 175
7 240 176
7 239 175
7 238 175
7 237 176
7 236 175
7 235 175
7 234 176
7 233 176
7 232 177
7 231 178
B 230 179
B 229 180
B 228 181
B 227 182
B 226 183
E 225 184
E 224 185
E 223 186
E 222 187
D 221 188
D 220 189
D 219 190
D 218 191
D 217 191
C 216 192
5 215 193
5 214 194
5 213 195
5 212 196
5 211 197
5 210 198
5 210 199
