3 60 22
3 59 21
3 58 20
3 57 19
3 56 18
3 55 17
3 54 16
3 53 15
3 52 14
3 51 13
3 50 12
3 49 11
3 48 10
3 47 9
3 46 8
3 45 7
3 44 6
3 43 5
3 42 4
3 41 3
3 40 2
3 39 1
3 38 1
3 37 2
3 36 3
3 35 4
3 34 5
3 33 6
3 32 7
3 31 8
3 30 9
3 29 10
3 28 11
3 27 12
3 26 13
3 25 14
3 24 15
3 23 16
3 22 17
3 21 18
3 20 19
3 19 20
3 18 21
3 17 22
3 60 22
3 61 21
3 62 20
3 63 19
3 64 18
3 65 17
3 66 16
3 67 15
3 68 15
3 69 16
3 70 17
3 17 22
3 18 21
3 19 20
3 20 19
3 21 18
3 22 17
3 23 16
3 24 15
3 25 14
3 26 13
3 27 12
3 28 11
3 29 10
3 30 9
3 31 8
3 32 7
3 33 6
3 34 5
3 35 4
3 36 3
3 37 2
3 38 1
3 39 0
3 40 0
3 41 0
3 42 0
3 43 0
3 44 0
3 45 0
3 46 0
3 47 0
3 48 0
3 49 0
3 50 0
3 51 0
3 52 0
3 53 0
3 54 1
3 55 2
3 56 3
3 57 4
3 58 5
3 59 6
3 60 7
3 61 8
3 62 9
3 63 10
3 64 11
3 65 12
3 66 13
3 67 14
3 68 15
3 69 16
3 70 17
