A 114 55
A 113 56
A 112 57
B 111 58
F 110 59
B 109 58
B 108 58
F 107 59
B 106 58
B 105 58
F 104 59
B 103 58
B 102 58
F 101 59
B 100 58
B 99 58
F 98 59
B 97 58
B 96 58
F 95 59
B 94 58
B 93 58
F 92 59
B 91 58
B 90 58
F 89 59
B 88 58
B 87 58
F 86 59
B 85 58
B 84 58
F 83 59
B 82 58
B 81 58
E 80 59
B 79 58
B 78 58
E 77 59
B 76 58
7 75 58
E 74 59
7 73 58
7 72 58
E 71 59
7 70 58
7 69 58
E 68 59
7 67 58
7 66 58
E 65 59
7 64 58
7 63 58
E 62 59
7 61 58
7 60 58
E 59 59
7 58 58
7 57 58
E 56 59
7 55 58
7 54 58
E 53 59
7 52 58
7 51 58
E 50 59
7 49 58
7 48 58
E 47 59
7 46 58
7 45 58
E 44 59
7 43 58
7 42 58
E 41 59
7 40 58
7 39 58
E 38 59
7 37 58
7 36 58
E 35 59
7 34 58
A 33 57
A 32 56
A 31 55
A 114 55
A 115 56
A 116 57
B 117 58
F 118 59
B 119 58
B 120 58
F 121 59
B 122 58
A 122 57
A 123 56
A 124 55
A 125 54
9 126 53
9 127 52
9 128 51
6 129 50
6 130 49
6 131 48
6 132 47
5 133 46
5 134 45
5 135 44
A 31 55
A 32 56
A 33 57
7 34 58
E 35 59
7 36 58
7 37 58
E 38 59
7 39 58
7 40 58
E 41 59
7 42 58
7 43 58
E 44 59
7 45 58
7 46 58
E 47 59
7 48 58
7 49 58
E 50 59
7 51 58
7 52 58
E 53 59
7 54 58
7 55 58
E 56 59
7 57 58
7 58 58
E 59 59
7 60 58
7 61 58
E 62 59
7 63 58
7 64 58
E 65 59
7 66 58
7 67 58
E 68 59
7 69 58
7 70 58
E 71 59
7 72 58
7 73 58
E 74 59
7 75 58
B 76 58
E 77 59
B 78 58
B 79 58
E 80 59
B 81 58
B 82 58
F 83 59
B 84 58
B 85 58
F 86 59
B 87 58
B 88 58
F 89 59
B 90 58
B 91 58
F 92 59
B 93 58
B 94 58
F 95 59
B 96 58
B 97 58
F 98 59
B 99 58
B 100 58
F 101 59
B 102 58
B 103 58
F 104 59
B 105 58
B 106 58
F 107 59
B 108 58
B 109 58
F 110 59
B 111 58
B 112 58
F 113 59
B 114 58
B 115 58
F 116 59
B 117 58
B 118 58
F 119 59
B 120 58
A 121 57
A 122 56
A 123 55
A 124 54
9 125 53
9 126 52
9 127 51
6 128 50
6 129 49
6 130 48
6 131 47
5 132 46
5 133 45
5 134 44
5 135 44
