3 536 390
3 535 389
3 534 388
3 533 387
3 532 386
3 531 385
9 530 384
9 529 383
A 528 382
A 527 381
6 526 380
6 525 379
5 524 378
C 523 377
C 522 376
C 521 375
C 520 374
C 519 373
C 518 372
C 517 371
C 516 370
C 515 369
C 514 368
C 513 367
C 512 366
C 511 365
C 510 364
C 509 363
C 508 362
C 507 361
C 506 360
C 505 359
C 504 358
C 503 357
C 502 356
C 501 355
C 500 354
C 499 353
C 498 352
C 497 351
C 496 350
C 495 349
C 494 348
C 493 347
C 492 346
C 491 345
C 490 344
C 489 343
C 488 342
C 487 341
C 486 340
C 485 339
C 484 338
C 483 337
C 482 336
C 481 335
C 480 334
C 479 333
C 478 332
C 477 331
C 476 330
C 475 329
C 474 328
C 473 327
C 472 326
C 471 325
C 470 324
C 469 323
C 468 322
C 467 321
C 466 320
C 465 319
3 464 318
3 463 317
3 462 316
3 461 315
3 460 314
3 459 313
3 458 312
3 457 311
3 456 310
3 455 309
3 454 308
9 453 307
9 452 306
A 451 305
A 450 304
6 449 303
5 448 302
5 447 301
C 446 300
C 445 299
C 444 298
C 443 297
C 442 296
C 441 295
C 440 294
C 439 293
C 438 292
C 437 291
C 436 290
C 435 289
C 434 288
C 433 287
C 432 286
C 431 285
C 430 284
C 429 283
C 428 282
C 427 281
C 426 280
C 425 279
C 424 278
C 423 277
C 422 276
C 421 275
C 420 274
C 419 273
C 418 272
C 417 271
C 416 270
C 415 269
C 414 268
C 413 267
C 412 266
C 411 265
C 410 264
C 409 263
C 408 262
C 407 261
C 406 260
C 405 259
C 404 258
C 403 257
C 402 256
C 401 255
C 400 254
C 399 253
C 398 252
C 397 251
C 396 250
C 395 249
C 394 248
C 393 247
C 392 246
C 391 245
C 390 244
C 389 243
3 388 242
3 387 241
3 386 240
3 385 239
3 384 238
3 383 237
3 382 236
3 381 235
3 380 234
3 379 233
3 378 232
3 377 231
9 376 230
9 375 229
A 374 228
A 373 227
6 372 226
5 371 225
5 370 224
C 369 223
C 368 222
C 367 221
C 366 220
C 365 219
C 364 218
C 363 217
C 362 216
C 361 215
C 360 214
C 359 213
C 358 212
C 357 211
C 356 210
C 355 209
C 354 208
C 353 207
C 352 206
C 351 205
C 350 204
C 349 203
C 348 202
C 347 201
C 346 200
C 345 199
C 344 198
C 343 197
C 342 196
C 341 195
C 340 195
C 339 196
C 338 197
C 337 198
C 336 199
C 335 200
C 334 201
C 333 202
C 332 203
C 331 204
C 330 205
C 329 206
C 328 207
C 327 208
C 326 209
C 325 210
C 324 211
C 323 212
C 322 213
C 321 214
C 320 215
C 319 216
C 318 217
C 317 218
C 316 219
C 315 220
C 314 221
C 313 222
C 312 223
5 311 224
5 310 225
6 309 226
6 308 227
A 307 228
9 306 229
9 305 230
3 304 231
3 303 232
3 302 233
3 301 234
3 300 235
3 299 236
3 298 237
3 297 238
3 296 239
3 295 240
3 294 241
3 293 242
C 292 243
C 291 244
C 290 245
C 289 246
C 288 247
C 287 248
C 286 249
C 285 250
C 284 251
C 283 252
C 282 253
C 281 254
C 280 255
C 279 256
C 278 257
C 277 258
C 276 259
C 275 260
C 274 261
C 273 262
C 272 263
C 271 264
C 270 265
C 269 266
C 268 267
C 267 268
C 266 269
C 265 270
C 264 271
C 263 272
C 262 273
C 261 274
C 260 275
C 259 276
C 258 277
C 257 278
C 256 279
C 255 280
C 254 281
C 253 282
C 252 283
C 251 284
C 250 285
C 249 286
C 248 287
C 247 288
C 246 289
C 245 290
C 244 291
C 243 292
C 242 293
C 241 294
C 240 295
C 239 296
C 238 297
C 237 298
C 236 299
C 235 300
5 234 301
5 233 302
6 232 303
6 231 304
A 230 305
9 229 306
9 228 307
3 227 308
3 226 309
3 225 310
3 224 311
3 223 312
3 222 313
3 221 314
3 220 315
3 219 316
3 218 317
3 217 318
3 216 319
C 215 320
C 214 321
C 213 322
C 212 323
C 211 324
C 210 325
C 209 326
C 208 327
C 207 328
C 206 329
C 205 330
C 204 331
C 203 332
C 202 333
C 201 334
C 200 335
C 199 336
C 198 337
C 197 338
C 196 339
C 195 340
C 194 341
C 193 342
C 192 343
C 191 344
C 190 345
C 189 346
C 188 347
C 187 348
C 186 349
C 185 350
C 184 351
C 183 352
C 182 353
C 181 354
C 180 355
C 179 356
C 178 357
C 177 358
C 176 359
C 175 360
C 174 361
C 173 362
C 172 363
C 171 364
C 170 365
C 169 366
C 168 367
C 167 368
C 166 369
C 165 370
C 164 371
C 163 372
C 162 373
C 161 374
C 160 375
C 159 376
C 158 377
5 157 378
5 156 379
6 155 380
6 154 381
A 153 382
A 152 383
9 151 384
3 150 385
3 149 386
3 148 387
3 147 388
3 146 389
3 145 390
3 536 390
3 537 389
3 538 388
3 539 387
3 540 386
3 541 385
9 542 384
9 543 383
A 544 382
A 545 381
6 546 380
6 547 379
5 548 378
C 549 377
C 550 376
C 551 375
C 552 374
C 553 373
C 554 372
C 555 371
C 556 370
C 557 369
C 558 368
C 559 367
C 560 366
C 561 365
C 562 364
C 563 363
C 564 362
C 565 361
C 566 360
C 567 359
C 568 358
C 569 357
C 570 356
C 571 355
C 572 354
C 573 353
C 574 352
C 575 351
C 576 350
C 577 349
C 578 348
C 579 347
C 580 346
C 581 345
C 582 344
C 583 343
C 584 342
C 585 341
C 586 340
C 587 339
C 588 338
C 589 337
C 590 336
C 591 335
C 592 334
C 593 333
C 594 332
C 595 331
C 596 330
C 597 329
C 598 328
C 599 327
C 600 326
C 601 325
C 602 324
C 603 323
C 604 322
C 605 321
C 606 320
C 607 319
3 608 318
3 609 317
3 610 316
3 611 315
3 612 314
3 613 313
3 614 312
3 615 311
3 616 310
3 617 309
3 618 308
9 619 307
9 620 306
A 621 305
A 622 304
6 623 303
6 624 302
6 625 302
6 626 303
A 627 304
A 628 305
9 629 306
9 630 307
3 631 308
3 632 309
3 536 390
3 535 389
3 534 388
3 533 387
3 532 386
3 531 385
9 530 384
9 529 383
A 528 382
A 527 381
6 526 380
6 525 379
5 524 378
C 523 377
C 522 376
C 521 375
C 520 374
C 519 373
C 518 372
C 517 371
C 516 370
C 515 369
C 514 368
C 513 367
C 512 366
C 511 365
C 510 364
C 511 363
C 512 362
C 513 361
C 514 360
C 515 359
C 516 358
C 517 357
C 518 356
C 519 355
C 520 354
C 521 353
C 522 352
C 523 351
C 524 350
C 525 349
C 526 348
C 527 347
C 528 346
C 529 345
C 530 344
C 531 343
C 532 342
C 533 341
C 534 340
C 535 339
C 536 338
C 537 337
C 538 336
C 539 335
C 540 334
C 541 333
C 542 332
C 543 331
C 544 330
C 545 329
C 546 328
C 547 327
C 548 326
C 549 325
C 550 324
C 551 323
C 552 322
C 553 321
C 554 320
C 555 319
3 556 318
3 557 317
3 558 316
3 559 315
3 560 314
3 561 313
3 562 312
3 563 311
3 564 310
3 565 309
3 566 308
9 567 307
9 568 306
A 569 305
A 570 304
6 571 303
6 572 302
5 573 301
C 574 300
C 575 299
C 576 298
C 577 297
C 578 296
C 579 295
C 580 294
C 581 293
C 582 292
C 583 291
C 584 290
C 585 289
C 586 288
C 587 287
C 588 286
C 589 285
C 590 284
C 591 283
C 592 282
C 593 281
C 594 280
C 595 279
C 596 278
C 597 277
C 598 276
C 599 275
C 600 274
C 601 273
C 602 272
C 603 271
C 604 270
C 605 269
C 606 268
C 607 267
C 608 266
C 609 265
C 610 264
C 611 263
C 612 262
C 613 261
C 614 260
C 615 259
C 616 258
C 617 257
C 618 256
C 619 255
C 620 254
C 621 253
C 622 252
C 623 251
C 624 250
C 625 249
C 626 248
C 627 247
C 628 246
C 629 245
C 630 244
C 631 243
C 632 242
3 633 241
3 634 240
3 635 239
3 636 238
3 637 237
3 638 236
3 639 235
3 640 234
3 641 233
3 642 232
3 643 231
9 644 230
9 645 229
A 646 228
A 647 227
6 648 226
6 649 225
5 650 224
C 651 223
C 652 222
C 653 221
C 654 220
C 655 219
C 656 218
C 657 217
C 658 216
C 659 215
C 660 214
C 661 213
C 662 212
C 663 211
C 664 210
C 665 209
C 666 208
C 667 207
C 668 206
C 669 205
C 670 204
C 671 203
C 672 202
C 673 201
C 674 200
C 675 199
C 676 198
C 677 197
C 678 196
C 679 195
C 680 194
C 681 193
C 682 192
3 536 390
3 535 389
3 534 388
3 533 387
3 532 386
3 531 385
9 530 384
9 529 383
A 528 382
A 527 381
6 526 380
6 525 379
5 524 378
C 523 377
C 522 376
C 521 375
C 520 374
C 519 373
C 518 372
C 517 371
C 516 370
C 515 369
C 514 368
C 513 367
C 512 366
C 511 365
C 510 364
C 509 363
C 508 362
C 507 361
C 506 360
C 505 359
C 504 358
C 503 357
C 502 356
C 501 355
C 500 354
C 499 353
C 498 352
C 497 351
C 496 350
C 495 349
C 494 348
C 493 347
C 492 346
C 491 345
C 490 344
C 489 343
C 488 342
C 487 341
C 486 340
C 485 339
C 484 338
C 483 337
C 482 336
C 481 335
C 480 334
C 479 333
C 478 332
C 477 331
C 476 330
C 475 329
C 474 328
C 473 327
C 472 326
C 471 325
C 470 324
C 469 323
C 468 322
C 467 321
C 466 320
C 465 319
3 464 318
3 463 317
3 462 316
3 461 315
3 460 314
3 459 313
3 458 312
3 457 311
3 456 310
3 455 309
3 454 308
9 453 307
9 452 306
A 451 305
A 450 304
6 449 303
5 448 302
5 447 301
C 446 300
C 445 299
C 444 298
C 443 297
C 442 296
C 441 295
C 440 294
C 439 293
C 438 292
C 437 291
C 436 290
C 435 289
C 434 288
C 433 287
C 432 286
C 431 285
C 430 284
C 429 283
C 428 282
C 427 281
C 426 280
C 425 279
C 424 278
C 423 277
C 422 276
C 421 275
C 420 274
C 419 273
C 418 272
C 417 271
C 416 270
C 415 269
C 414 268
C 413 267
C 412 266
C 411 265
C 410 264
C 409 263
C 408 262
C 407 261
C 406 260
C 405 259
C 404 258
C 403 257
C 402 256
C 401 255
C 400 254
C 399 253
C 398 252
C 397 251
C 396 250
C 395 249
C 394 248
C 393 247
C 392 246
C 391 245
C 390 244
C 389 243
3 388 242
3 387 241
3 386 240
3 385 239
3 384 238
3 383 237
3 382 236
3 381 235
3 380 234
3 379 233
3 378 232
3 377 231
9 376 230
9 375 229
A 374 228
A 373 227
6 372 226
5 371 225
5 370 224
C 369 223
C 368 222
C 367 221
C 366 220
C 365 219
C 364 218
C 363 217
C 362 216
C 361 215
C 360 214
C 359 213
C 358 212
C 357 211
C 356 210
C 355 209
C 354 208
C 353 207
C 352 206
C 351 205
C 350 204
C 349 203
C 348 202
C 347 201
C 346 200
C 345 199
C 344 198
C 343 197
C 342 196
C 341 195
C 340 194
C 339 193
C 338 194
C 337 195
C 336 196
C 335 197
C 334 198
C 333 199
C 332 200
C 331 201
C 330 202
C 329 203
C 328 204
C 327 205
C 326 206
C 325 207
C 324 208
C 323 209
C 322 210
C 321 211
C 320 212
C 319 213
C 318 214
C 317 215
C 316 216
C 315 217
C 314 218
C 313 219
C 312 220
C 311 221
C 310 222
C 309 223
5 308 224
5 307 225
6 306 226
6 305 227
A 304 228
9 303 229
9 302 230
3 301 231
3 300 232
3 299 233
3 298 234
3 297 235
3 296 236
3 295 237
3 294 238
3 293 239
3 292 240
3 291 241
3 290 242
C 289 243
C 288 244
C 287 245
C 286 246
C 285 247
C 284 248
C 283 249
C 282 250
C 281 251
C 280 252
C 279 253
C 278 254
C 277 255
C 276 256
C 275 257
C 274 258
C 273 259
C 272 260
C 271 261
C 270 262
C 269 263
C 268 264
C 267 265
C 266 266
C 265 267
C 264 268
C 263 269
C 262 270
C 261 271
C 260 272
C 259 273
C 258 274
C 257 275
C 256 276
C 255 277
C 254 278
C 253 279
C 252 280
C 251 281
C 250 282
C 249 283
C 248 284
C 247 285
C 246 286
C 245 287
C 244 288
C 243 289
C 242 290
C 241 291
C 240 292
C 239 293
C 238 294
C 237 295
C 236 296
C 235 297
C 234 298
C 233 299
C 232 300
5 231 301
5 230 302
6 229 303
6 228 304
A 227 305
9 226 306
9 225 307
3 224 308
3 223 309
3 222 310
3 221 311
3 220 312
3 219 313
3 218 314
3 217 315
3 216 316
3 215 317
3 214 318
3 213 319
C 212 320
C 211 321
C 210 322
C 209 323
C 208 324
C 207 325
C 206 326
C 205 327
3 536 390
3 535 389
3 534 388
3 533 387
3 532 386
3 531 385
9 530 384
9 529 383
A 528 382
A 527 381
6 526 380
6 525 379
5 524 378
C 523 377
C 522 376
C 521 375
C 520 374
C 519 373
C 518 372
C 517 371
C 516 370
C 515 369
C 514 368
C 513 367
C 512 366
C 511 365
C 510 364
C 509 363
C 508 362
C 507 361
C 506 360
C 505 359
C 504 358
C 503 357
C 502 356
C 501 355
C 500 354
C 499 353
C 498 352
C 497 351
C 496 350
C 495 349
C 494 348
C 493 347
C 492 346
C 491 345
C 490 344
C 489 343
C 488 342
C 487 341
C 486 340
C 485 339
C 484 338
C 483 337
C 482 336
C 481 335
C 480 334
C 479 333
C 478 332
C 477 331
C 476 330
C 475 329
C 474 328
C 473 327
C 472 326
C 471 325
C 470 324
C 469 323
C 468 322
C 467 321
C 466 320
C 465 319
3 464 318
3 463 317
3 462 316
3 461 315
3 460 314
3 459 313
3 458 312
3 457 313
3 456 314
3 455 315
3 454 316
3 453 317
3 452 318
3 451 319
C 450 320
C 449 321
C 448 322
C 447 323
C 446 324
C 445 325
C 444 326
C 443 327
C 442 328
3 145 390
3 146 389
3 147 388
3 148 387
3 149 386
3 150 385
9 151 384
A 152 383
A 153 382
6 154 381
6 155 380
5 156 379
5 157 378
C 158 377
C 159 376
C 160 375
C 161 374
C 162 373
C 163 372
C 164 371
C 165 370
C 166 369
C 167 368
C 168 367
C 169 366
C 170 365
C 171 364
C 172 363
C 173 362
C 174 361
C 175 360
C 176 359
C 177 358
C 178 357
C 179 356
C 180 355
C 181 354
C 182 353
C 183 352
C 184 351
C 185 350
C 186 349
C 187 348
C 188 347
C 189 346
C 190 345
C 191 344
C 192 343
C 193 342
C 194 341
C 195 340
C 196 339
C 197 338
C 198 337
C 199 336
C 200 335
C 201 334
C 202 333
C 203 332
C 204 331
C 205 330
C 206 329
C 207 328
C 208 327
C 209 326
C 210 325
C 211 324
C 212 323
C 213 322
C 214 321
C 215 320
3 216 319
3 217 318
3 218 317
3 219 316
3 220 315
3 221 314
3 222 313
3 223 312
3 224 311
3 225 310
3 226 309
3 227 308
9 228 307
9 229 306
A 230 305
6 231 304
6 232 303
5 233 302
5 234 301
C 235 300
C 236 299
C 237 298
C 238 297
C 239 296
C 240 295
C 241 294
C 242 293
C 243 292
C 244 291
C 245 290
C 246 289
C 247 288
C 248 287
C 249 286
C 250 285
C 251 284
C 252 283
C 253 282
C 254 281
C 255 280
C 256 279
C 257 278
C 258 277
C 259 276
C 260 275
C 261 274
C 262 273
C 263 272
C 264 271
C 265 270
C 266 269
C 267 268
C 268 267
C 269 266
C 270 265
C 271 264
C 272 263
C 273 262
C 274 261
C 275 260
C 276 259
C 277 258
C 278 257
C 279 256
C 280 255
C 281 254
C 282 253
C 283 252
C 284 251
C 285 250
C 286 249
C 287 248
C 288 247
C 289 246
C 290 245
C 291 244
C 292 243
3 293 242
3 294 241
3 295 240
3 296 239
3 297 238
3 298 237
3 299 236
3 300 235
3 301 234
3 302 233
3 303 232
3 304 231
9 305 230
9 306 229
A 307 228
6 308 227
6 309 226
5 310 225
5 311 224
C 312 223
C 313 222
C 314 221
C 315 220
C 316 219
C 317 218
C 318 217
C 319 216
C 320 215
C 321 214
C 322 213
C 323 212
C 324 211
C 325 210
C 326 209
C 327 208
C 328 207
C 329 206
C 330 205
C 331 204
C 332 203
C 333 202
C 334 201
C 335 200
C 336 199
C 337 198
C 338 197
C 339 196
C 340 195
C 341 194
C 342 193
C 343 192
C 344 191
C 345 190
C 346 189
C 347 188
C 348 187
C 349 186
C 350 185
C 351 184
C 352 183
C 353 182
C 354 181
C 355 180
C 356 179
C 357 178
C 358 177
C 359 176
C 360 175
C 361 174
C 362 173
C 363 172
C 364 171
C 365 170
C 366 169
C 367 168
C 368 167
C 369 166
3 370 165
3 371 164
3 372 163
3 373 162
3 374 161
3 375 160
3 376 159
3 377 158
3 378 157
3 379 156
3 380 155
3 381 154
9 382 153
9 383 152
A 384 151
A 385 150
6 386 149
5 387 148
5 388 147
C 389 146
C 390 145
C 391 144
C 392 143
C 393 142
C 394 141
C 395 140
C 396 139
C 397 138
C 398 137
C 399 136
C 400 135
C 401 134
C 402 133
C 403 132
C 404 131
C 405 130
C 406 129
C 407 128
C 408 127
C 409 126
C 410 125
C 411 124
C 412 123
C 413 122
C 414 121
C 415 120
C 416 119
C 417 118
C 418 117
C 419 116
C 420 115
C 421 114
C 422 113
C 423 112
C 424 111
C 425 110
C 426 109
C 427 108
C 428 107
C 429 106
C 430 107
C 431 108
C 432 109
C 433 110
C 434 111
C 435 112
C 436 113
C 437 114
C 438 115
C 439 116
C 440 117
C 441 118
C 442 119
C 443 120
C 444 121
C 445 122
C 446 123
C 447 124
C 448 125
C 449 126
C 450 127
C 451 128
C 452 129
C 453 130
C 454 131
C 455 132
C 456 133
C 457 134
C 458 135
C 459 136
C 460 137
C 461 138
C 462 139
C 463 140
C 464 141
C 465 142
C 466 143
C 467 144
C 468 145
C 469 146
5 470 147
5 471 148
6 472 149
A 473 150
A 474 151
9 475 152
9 476 153
3 477 154
3 478 155
3 479 156
3 480 157
3 481 158
3 482 159
3 483 160
3 484 161
3 485 162
3 486 163
3 487 164
C 488 165
C 489 166
C 490 167
C 491 168
C 492 169
C 493 170
C 494 171
C 495 172
C 496 173
C 497 174
C 498 175
C 499 176
C 500 177
C 501 178
C 502 179
C 503 180
C 504 181
C 505 182
C 506 183
C 507 184
C 508 185
C 509 186
C 510 187
C 511 188
C 512 189
C 513 190
C 514 191
C 515 192
C 516 193
C 517 194
C 518 195
C 519 196
C 520 197
C 521 198
C 522 199
C 523 200
C 524 201
C 525 202
C 526 203
C 527 204
C 528 205
C 529 206
C 530 207
C 531 208
C 532 209
C 533 210
C 534 211
C 535 212
C 536 213
C 537 214
C 538 215
C 539 216
C 540 217
C 541 218
C 542 219
C 543 220
C 544 221
C 545 222
C 546 223
5 547 224
6 548 225
6 549 226
A 550 227
A 551 228
9 552 229
9 553 230
3 554 231
3 555 232
3 556 233
3 557 234
3 558 235
3 559 236
3 560 237
3 561 238
3 562 239
3 563 240
3 564 241
C 565 242
C 566 243
C 567 244
C 568 245
C 569 246
C 570 247
C 571 248
C 572 249
C 573 250
C 574 251
C 575 252
C 576 253
C 577 254
C 578 255
C 579 256
C 580 257
C 581 258
C 582 259
C 583 260
C 584 261
C 585 262
C 586 263
C 587 264
C 588 265
C 589 266
C 590 267
C 591 268
C 592 269
C 593 270
C 594 271
C 595 272
C 596 273
C 597 274
C 598 275
C 599 276
C 600 277
C 601 278
C 602 279
C 603 280
C 604 281
C 605 282
C 606 283
C 607 284
C 608 285
C 609 286
C 610 287
C 611 288
C 612 289
C 613 290
C 614 291
C 615 292
C 616 293
C 617 294
C 618 295
C 619 296
C 620 297
C 621 298
C 622 299
C 623 300
5 624 301
6 625 302
6 626 303
A 627 304
A 628 305
9 629 306
9 630 307
3 631 308
3 632 309
3 145 390
3 146 389
3 147 388
3 148 387
3 149 386
3 150 385
9 151 384
A 152 383
A 153 382
6 154 381
6 155 380
5 156 379
5 157 378
C 158 377
C 159 376
C 160 375
C 161 374
C 162 373
C 163 372
C 164 371
C 165 370
C 166 369
C 167 368
C 168 367
C 169 366
C 170 365
C 171 364
C 172 363
C 173 362
C 174 361
C 175 360
C 176 359
C 177 358
C 178 357
C 179 356
C 180 355
C 181 354
C 182 353
C 183 352
C 184 351
C 185 350
C 186 349
C 187 348
C 188 347
C 189 346
C 190 345
C 191 344
C 192 343
C 193 342
C 194 341
C 195 340
C 196 339
C 197 338
C 198 337
C 199 336
C 200 335
C 201 334
C 202 333
C 203 332
C 204 331
C 205 330
C 206 329
C 207 328
C 208 327
C 209 326
C 210 325
C 211 324
C 212 323
C 213 322
C 214 321
C 215 320
3 216 319
3 217 318
3 218 317
3 219 316
3 220 315
3 221 314
3 222 313
3 223 312
3 224 311
3 225 310
3 226 309
3 227 308
9 228 307
9 229 306
A 230 305
6 231 304
6 232 303
5 233 302
5 234 301
C 235 300
C 236 299
C 237 298
C 238 297
C 239 296
C 240 295
C 241 294
C 242 293
C 243 292
C 244 291
C 245 290
C 246 289
C 247 288
C 248 287
C 249 286
C 250 285
C 251 284
C 252 283
C 253 282
C 254 281
C 255 280
C 256 279
C 257 278
C 258 277
C 259 276
C 260 275
C 261 274
C 262 273
C 263 272
C 264 271
C 265 270
C 266 269
C 267 268
C 268 267
C 269 266
C 270 265
C 271 264
C 272 263
C 273 262
C 274 261
C 275 260
C 276 259
C 277 258
C 278 257
C 279 256
C 280 255
C 281 254
C 282 253
C 283 252
C 284 251
C 285 250
C 286 249
C 287 248
C 288 247
C 289 246
C 290 245
C 291 244
C 292 243
3 293 242
3 294 241
3 295 240
3 296 239
3 297 238
3 298 237
3 299 236
3 300 235
3 301 234
3 302 233
3 303 232
3 304 231
9 305 230
9 306 229
A 307 228
6 308 227
6 309 226
5 310 225
5 311 224
C 312 223
C 313 222
C 314 221
C 315 220
C 316 219
C 317 218
C 318 217
C 319 216
C 320 215
C 321 214
C 322 213
C 323 212
C 324 211
C 325 210
C 326 209
C 327 208
C 328 207
C 329 206
C 330 205
C 331 204
C 332 203
C 333 202
C 334 201
C 335 200
C 336 199
C 337 198
C 338 197
C 339 196
C 340 195
C 341 194
C 342 193
C 343 192
C 344 191
C 345 190
C 346 189
C 347 188
C 348 187
C 349 186
C 350 185
C 351 184
C 352 183
C 353 182
C 354 181
C 355 180
C 356 179
C 357 178
C 358 177
C 359 176
C 360 175
C 361 174
C 362 173
C 363 172
C 364 171
C 365 170
C 366 169
C 367 168
C 368 167
C 369 166
3 370 165
3 371 164
3 372 163
3 373 162
3 374 161
3 375 160
3 376 159
3 377 158
3 378 157
3 379 156
3 380 155
3 381 154
9 382 153
9 383 152
A 384 151
A 385 150
6 386 149
5 387 148
5 388 147
C 389 146
C 390 145
C 391 144
C 392 143
C 393 142
C 394 141
C 395 140
C 396 139
C 397 138
C 398 137
C 399 136
C 400 135
C 401 134
C 402 133
C 403 132
C 404 131
C 405 130
C 406 129
C 407 128
C 408 127
C 409 126
C 410 125
C 411 124
C 412 123
C 413 122
C 414 121
C 415 120
C 416 119
C 417 118
C 418 117
C 419 116
C 420 115
C 421 114
C 422 113
C 423 112
C 424 111
C 425 110
C 426 109
C 427 108
C 428 107
C 429 106
C 430 105
C 431 104
C 432 103
C 433 102
C 434 101
C 435 100
C 436 99
C 437 98
C 438 97
C 439 96
C 440 95
C 441 94
C 442 93
C 443 92
C 444 91
C 445 90
C 446 89
3 447 88
3 448 87
3 449 86
3 450 85
3 451 84
3 452 83
3 453 82
3 454 81
3 455 80
3 456 79
3 457 78
3 458 77
9 459 76
9 460 75
A 461 74
A 462 73
6 463 72
5 464 71
5 465 70
C 466 69
C 467 68
C 468 67
C 469 66
C 470 65
C 471 64
C 472 63
C 473 62
C 474 61
C 475 60
C 476 59
C 477 58
C 478 57
C 479 56
C 480 55
C 481 54
C 482 53
C 483 52
C 484 51
C 485 50
C 486 49
C 487 48
C 488 47
C 489 46
C 490 45
C 491 44
C 492 43
C 493 42
C 494 41
C 495 40
C 496 39
C 497 38
C 498 37
C 499 36
C 500 35
C 501 34
C 502 33
C 503 32
C 504 31
C 505 30
C 506 29
C 507 28
C 508 27
C 509 26
C 510 25
C 511 24
C 512 23
C 513 23
C 514 24
C 515 25
C 516 26
C 517 27
C 518 28
C 519 29
C 520 30
C 521 31
C 522 32
C 523 33
C 524 34
C 525 35
C 526 36
C 527 37
C 528 38
C 529 39
C 530 40
C 531 41
C 532 42
C 533 43
C 534 44
C 535 45
C 536 46
C 537 47
C 538 48
C 539 49
C 540 50
C 541 51
C 542 52
C 543 53
C 544 54
C 545 55
C 546 56
C 547 57
C 548 58
C 549 59
C 550 60
C 551 61
C 552 62
C 553 63
C 554 64
C 555 65
C 556 66
C 557 67
C 558 68
C 559 69
5 560 70
6 561 71
6 562 72
A 563 73
A 564 74
9 565 75
9 566 76
3 567 77
3 568 78
3 569 79
3 570 80
3 571 81
3 572 82
3 573 83
3 574 84
3 575 85
3 576 86
3 577 87
C 578 88
C 579 89
C 580 90
C 581 91
C 582 92
C 583 93
C 584 94
C 585 95
C 586 96
C 587 97
C 588 98
C 589 99
C 590 100
C 591 101
C 592 102
C 593 103
C 594 104
C 595 105
C 596 106
C 597 107
C 598 108
C 599 109
C 600 110
C 601 111
C 602 112
C 603 113
C 604 114
C 605 115
C 606 116
C 607 117
C 608 118
C 609 119
C 610 120
C 611 121
C 612 122
C 613 123
C 614 124
C 615 125
C 616 126
C 617 127
C 618 128
C 619 129
C 620 130
C 621 131
C 622 132
C 623 133
C 624 134
C 625 135
C 626 136
C 627 137
C 628 138
C 629 139
C 630 140
C 631 141
C 632 142
C 633 143
C 634 144
C 635 145
C 636 146
5 637 147
6 638 148
6 639 149
A 640 150
A 641 151
9 642 152
9 643 153
3 644 154
3 645 155
3 646 156
3 647 157
3 648 158
3 649 159
3 650 160
3 651 161
3 652 162
3 653 163
3 654 164
C 655 165
C 656 166
C 657 167
C 658 168
C 659 169
C 660 170
C 661 171
C 662 172
C 663 173
C 664 174
C 665 175
C 666 176
C 667 177
C 668 178
C 669 179
C 670 180
C 671 181
C 672 182
C 673 183
C 674 184
C 675 185
C 676 186
C 677 187
C 678 188
C 679 189
C 680 190
C 681 191
C 682 192
3 145 390
3 144 389
3 144 388
3 145 387
3 146 386
3 147 385
9 148 384
A 149 383
A 150 382
6 151 381
6 152 380
5 153 379
5 154 378
C 155 377
C 156 376
C 157 375
C 158 374
C 159 373
C 160 372
C 161 371
C 162 370
C 163 369
C 164 368
C 165 367
C 166 366
C 167 365
C 168 364
C 169 363
C 170 362
C 171 361
C 172 360
C 173 359
C 174 358
C 175 357
C 176 356
C 177 355
C 178 354
C 179 353
C 180 352
C 181 351
C 182 350
C 183 349
C 184 348
C 185 347
C 186 346
C 187 345
C 188 344
C 189 343
C 190 342
C 191 341
C 192 340
C 193 339
C 194 338
C 195 337
C 196 336
C 197 335
C 198 334
C 199 333
C 200 332
C 201 331
C 202 330
C 203 329
C 204 328
C 205 327
3 145 390
3 146 389
3 147 388
3 148 387
3 149 386
3 150 385
9 151 384
A 152 383
A 153 382
6 154 381
6 155 380
5 156 379
5 157 378
C 158 377
C 159 376
C 160 375
C 161 374
C 162 373
C 163 372
C 164 371
C 165 370
C 166 369
C 167 368
C 168 367
C 169 366
C 170 365
C 171 364
C 172 363
C 173 362
C 174 361
C 175 360
C 176 359
C 177 358
C 178 357
C 179 356
C 180 355
C 181 354
C 182 353
C 183 352
C 184 351
C 185 350
C 186 349
C 187 348
C 188 347
C 189 346
C 190 345
C 191 344
C 192 343
C 193 342
C 194 341
C 195 340
C 196 339
C 197 338
C 198 337
C 199 336
C 200 335
C 201 334
C 202 333
C 203 332
C 204 331
C 205 330
C 206 329
C 207 328
C 208 327
C 209 326
C 210 325
C 211 324
C 212 323
C 213 322
C 214 321
C 215 320
3 216 319
3 217 318
3 218 317
3 219 316
3 220 315
3 221 314
3 222 313
3 223 312
3 224 311
3 225 310
3 226 309
3 227 308
9 228 307
9 229 306
A 230 305
6 231 304
6 232 303
5 233 302
5 234 301
C 235 300
C 236 299
C 237 298
C 238 297
C 239 296
C 240 295
C 241 294
C 242 293
C 243 292
C 244 291
C 245 290
C 246 289
C 247 288
C 248 287
C 249 286
C 250 285
C 251 284
C 252 283
C 253 282
C 254 281
C 255 280
C 256 279
C 257 278
C 258 277
C 259 276
C 260 275
C 261 274
C 262 273
C 263 272
C 264 271
C 265 270
C 266 269
C 267 268
C 268 267
C 269 266
C 270 265
C 271 264
C 272 263
C 273 262
C 274 261
C 275 260
C 276 259
C 277 258
C 278 257
C 279 256
C 280 255
C 281 254
C 282 253
C 283 252
C 284 251
C 285 250
C 286 249
C 287 248
C 288 247
C 289 246
C 290 245
C 291 244
C 292 243
3 293 242
3 294 241
3 295 240
3 296 239
3 297 238
3 298 237
3 299 236
3 300 235
3 301 234
3 302 233
3 303 232
3 304 231
9 305 230
9 306 229
A 307 228
6 308 227
6 309 226
5 310 225
5 311 224
C 312 223
C 313 222
C 314 221
C 315 220
C 316 219
C 317 218
C 318 217
C 319 216
C 320 215
C 321 214
C 322 213
C 323 212
C 324 211
C 325 211
C 326 212
C 327 213
C 328 214
C 329 215
C 330 216
C 331 217
C 332 218
C 333 219
C 334 220
C 335 221
C 336 222
C 337 223
5 338 224
5 339 225
6 340 226
6 341 227
A 342 228
9 343 229
9 344 230
3 345 231
3 346 232
3 347 233
3 348 234
3 349 235
3 350 236
3 351 237
3 352 238
3 353 239
3 354 240
3 355 241
3 356 242
C 357 243
C 358 244
C 359 245
C 360 246
C 361 247
C 362 248
C 363 249
C 364 250
C 365 251
C 366 252
C 367 253
C 368 254
C 369 255
C 370 256
C 371 257
C 372 258
C 373 259
C 374 260
C 375 261
C 376 262
C 377 263
C 378 264
C 379 265
C 380 266
C 381 267
C 382 268
C 383 269
C 384 270
C 385 271
C 386 272
C 387 273
C 388 274
C 389 275
C 390 276
C 391 277
C 392 278
C 393 279
C 394 280
C 395 281
C 396 282
C 397 283
C 398 284
C 399 285
C 400 286
C 401 287
C 402 288
C 403 289
C 404 290
C 405 291
C 406 292
C 407 293
C 408 294
C 409 295
C 410 296
C 411 297
C 412 298
C 413 299
C 414 300
5 415 301
5 416 302
6 417 303
A 418 304
A 419 305
9 420 306
9 421 307
3 422 308
3 423 309
3 424 310
3 425 311
3 426 312
3 427 313
3 428 314
3 429 315
3 430 316
3 431 317
3 432 318
3 433 319
C 434 320
C 435 321
C 436 322
C 437 323
C 438 324
C 439 325
C 440 326
C 441 327
C 442 328
3 632 309
3 631 308
9 630 307
9 629 306
A 628 305
A 627 304
6 626 303
6 625 302
5 624 301
C 623 300
C 622 299
C 621 298
C 620 297
C 619 296
C 618 295
C 617 294
C 616 293
C 615 292
C 614 291
C 613 290
C 612 289
C 611 288
C 610 287
C 609 286
C 608 285
C 607 284
C 606 283
C 605 282
C 604 281
C 603 280
C 602 279
C 601 278
C 600 277
C 599 276
C 599 275
C 600 274
C 601 273
C 602 272
C 603 271
C 604 270
C 605 269
C 606 268
C 607 267
C 608 266
C 609 265
C 610 264
C 611 263
C 612 262
C 613 261
C 614 260
C 615 259
C 616 258
C 617 257
C 618 256
C 619 255
C 620 254
C 621 253
C 622 252
C 623 251
C 624 250
C 625 249
C 626 248
C 627 247
C 628 246
C 629 245
C 630 244
C 631 243
C 632 242
3 633 241
3 634 240
3 635 239
3 636 238
3 637 237
3 638 236
3 639 235
3 640 234
3 641 233
3 642 232
3 643 231
9 644 230
9 645 229
A 646 228
A 647 227
6 648 226
6 649 225
5 650 224
C 651 223
C 652 222
C 653 221
C 654 220
C 655 219
C 656 218
C 657 217
C 658 216
C 659 215
C 660 214
C 661 213
C 662 212
C 663 211
C 664 210
C 665 209
C 666 208
C 667 207
C 668 206
C 669 205
C 670 204
C 671 203
C 672 202
C 673 201
C 674 200
C 675 199
C 676 198
C 677 197
C 678 196
C 679 195
C 680 194
C 681 193
C 682 192
3 632 309
3 631 308
9 630 307
9 629 306
A 628 305
A 627 304
6 626 303
6 625 302
5 624 301
C 623 300
C 622 299
C 621 298
C 620 297
C 619 296
C 618 295
C 617 294
C 616 293
C 615 292
C 614 291
C 613 290
C 612 289
C 611 288
C 610 287
C 609 286
C 608 285
C 607 284
C 606 283
C 605 282
C 604 281
C 603 280
C 602 279
C 601 278
C 600 277
C 599 276
C 598 275
C 597 274
C 596 273
C 595 272
C 594 271
C 593 270
C 592 269
C 591 268
C 590 267
C 589 266
C 588 265
C 587 264
C 586 263
C 585 262
C 584 261
C 583 260
C 582 259
C 581 258
C 580 257
C 579 256
C 578 255
C 577 254
C 576 253
C 575 252
C 574 251
C 573 250
C 572 249
C 571 248
C 570 247
C 569 246
C 568 245
C 567 244
C 566 243
C 565 242
3 564 241
3 563 240
3 562 239
3 561 238
3 560 237
3 559 236
3 558 235
3 557 234
3 556 233
3 555 232
3 554 231
9 553 230
9 552 229
A 551 228
A 550 227
6 549 226
6 548 225
5 547 224
C 546 223
C 545 222
C 544 221
C 543 220
C 542 219
C 541 218
C 540 217
C 539 216
C 538 215
C 537 214
C 536 213
C 535 212
C 534 211
C 533 210
C 532 209
C 531 208
C 530 207
C 529 206
C 528 205
C 527 204
C 526 203
C 525 202
C 524 201
C 523 200
C 522 199
C 521 198
C 520 197
C 519 196
C 518 195
C 517 194
C 516 193
C 515 192
C 514 191
C 513 190
C 512 189
C 511 188
C 510 187
C 509 186
C 508 185
C 507 184
C 506 183
C 505 182
C 504 181
C 503 180
C 502 179
C 501 178
C 500 177
C 499 176
C 498 175
C 497 174
C 496 173
C 495 172
C 494 171
C 493 170
C 492 169
C 491 168
C 490 167
C 489 166
C 488 165
3 487 164
3 486 163
3 485 162
3 484 161
3 483 160
3 482 159
3 481 158
3 480 157
3 479 156
3 478 155
3 477 154
9 476 153
9 475 152
A 474 151
A 473 150
6 472 149
5 471 148
5 470 147
C 469 146
C 468 145
C 467 144
C 466 143
C 465 142
C 464 141
C 463 140
C 462 139
C 461 138
C 460 137
C 459 136
C 458 135
C 457 134
C 456 133
C 455 132
C 454 131
C 453 130
C 452 129
C 451 128
C 450 127
C 449 126
C 448 125
C 447 124
C 446 123
C 445 122
C 444 121
C 443 120
C 442 119
C 441 118
C 440 117
C 439 116
C 438 115
C 437 114
C 436 113
C 435 112
C 434 111
C 433 110
C 432 109
C 431 108
C 430 107
C 429 106
C 428 105
C 427 105
C 426 106
C 425 107
C 424 108
C 423 109
C 422 110
C 421 111
C 420 112
C 419 113
C 418 114
C 417 115
C 416 116
C 415 117
C 414 118
C 413 119
C 412 120
C 411 121
C 410 122
C 409 123
C 408 124
C 407 125
C 406 126
C 405 127
C 404 128
C 403 129
C 402 130
C 401 131
C 400 132
C 399 133
C 398 134
C 397 135
C 396 136
C 395 137
C 394 138
C 393 139
C 392 140
C 391 141
C 390 142
C 389 143
C 388 144
C 387 145
C 386 146
5 385 147
5 384 148
6 383 149
A 382 150
A 381 151
9 380 152
9 379 153
3 378 154
3 377 155
3 376 156
3 375 157
3 374 158
3 373 159
3 372 160
3 371 161
3 370 162
3 369 163
3 368 164
3 367 165
C 366 166
C 365 167
C 364 168
C 363 169
C 362 170
C 361 171
C 360 172
C 359 173
C 358 174
C 357 175
C 356 176
C 355 177
C 354 178
C 353 179
C 352 180
C 351 181
C 350 182
C 349 183
C 348 184
C 347 185
C 346 186
C 345 187
C 344 188
C 343 189
C 342 190
C 341 191
C 340 192
C 339 193
C 338 194
C 337 195
C 336 196
C 335 197
C 334 198
C 333 199
C 332 200
C 331 201
C 330 202
C 329 203
C 328 204
C 327 205
C 326 206
C 325 207
C 324 208
C 323 209
C 322 210
C 321 211
C 320 212
C 319 213
C 318 214
C 317 215
C 316 216
C 315 217
C 314 218
C 313 219
C 312 220
C 311 221
C 310 222
C 309 223
5 308 224
5 307 225
6 306 226
6 305 227
A 304 228
9 303 229
9 302 230
3 301 231
3 300 232
3 299 233
3 298 234
3 297 235
3 296 236
3 295 237
3 294 238
3 293 239
3 292 240
3 291 241
3 290 242
C 289 243
C 288 244
C 287 245
C 286 246
C 285 247
C 284 248
C 283 249
C 282 250
C 281 251
C 280 252
C 279 253
C 278 254
C 277 255
C 276 256
C 275 257
C 274 258
C 273 259
C 272 260
C 271 261
C 270 262
C 269 263
C 268 264
C 267 265
C 266 266
C 265 267
C 264 268
C 263 269
C 262 270
C 261 271
C 260 272
C 259 273
C 258 274
C 257 275
C 256 276
C 255 277
C 254 278
C 253 279
C 252 280
C 251 281
C 250 282
C 249 283
C 248 284
C 247 285
C 246 286
C 245 287
C 244 288
C 243 289
C 242 290
C 241 291
C 240 292
C 239 293
C 238 294
C 237 295
C 236 296
C 235 297
C 234 298
C 233 299
C 232 300
5 231 301
5 230 302
6 229 303
6 228 304
A 227 305
9 226 306
9 225 307
3 224 308
3 223 309
3 222 310
3 221 311
3 220 312
3 219 313
3 218 314
3 217 315
3 216 316
3 215 317
3 214 318
3 213 319
C 212 320
C 211 321
C 210 322
C 209 323
C 208 324
C 207 325
C 206 326
C 205 327
3 632 309
3 631 308
9 630 307
9 629 306
A 628 305
A 627 304
6 626 303
6 625 302
5 624 301
C 623 300
C 622 299
C 621 298
C 620 297
C 619 296
C 618 295
C 617 294
C 616 293
C 615 292
C 614 291
C 613 290
C 612 289
C 611 288
C 610 287
C 609 286
C 608 285
C 607 284
C 606 283
C 605 282
C 604 281
C 603 280
C 602 279
C 601 278
C 600 277
C 599 276
C 598 275
C 597 274
C 596 273
C 595 272
C 594 271
C 593 270
C 592 269
C 591 268
C 590 267
C 589 266
C 588 265
C 587 264
C 586 263
C 585 262
C 584 261
C 583 260
C 582 259
C 581 258
C 580 257
C 579 256
C 578 255
C 577 254
C 576 253
C 575 252
C 574 251
C 573 250
C 572 249
C 571 248
C 570 247
C 569 246
C 568 245
C 567 244
C 566 243
C 565 242
3 564 241
3 563 240
3 562 239
3 561 238
3 560 237
3 559 236
3 558 235
3 557 234
3 556 233
3 555 232
3 554 231
9 553 230
9 552 229
A 551 228
A 550 227
6 549 226
6 548 225
5 547 224
5 546 224
6 545 225
6 544 226
A 543 227
A 542 228
9 541 229
9 540 230
3 539 231
3 538 232
3 537 233
3 536 234
3 535 235
3 534 236
3 533 237
3 532 238
3 531 239
3 530 240
3 529 241
C 528 242
C 527 243
C 526 244
C 525 245
C 524 246
C 523 247
C 522 248
C 521 249
C 520 250
C 519 251
C 518 252
C 517 253
C 516 254
C 515 255
C 514 256
C 513 257
C 512 258
C 511 259
C 510 260
C 509 261
C 508 262
C 507 263
C 506 264
C 505 265
C 504 266
C 503 267
C 502 268
C 501 269
C 500 270
C 499 271
C 498 272
C 497 273
C 496 274
C 495 275
C 494 276
C 493 277
C 492 278
C 491 279
C 490 280
C 489 281
C 488 282
C 487 283
C 486 284
C 485 285
C 484 286
C 483 287
C 482 288
C 481 289
C 480 290
C 479 291
C 478 292
C 477 293
C 476 294
C 475 295
C 474 296
C 473 297
C 472 298
C 471 299
C 470 300
5 469 301
5 468 302
6 467 303
A 466 304
A 465 305
9 464 306
9 463 307
3 462 308
3 461 309
3 460 310
3 459 311
3 458 312
3 457 313
3 456 314
3 455 315
3 454 316
3 453 317
3 452 318
3 451 319
C 450 320
C 449 321
C 448 322
C 447 323
C 446 324
C 445 325
C 444 326
C 443 327
C 442 328
C 682 192
C 681 191
C 680 190
C 679 189
C 678 188
C 677 187
C 676 186
C 675 185
C 674 184
C 673 183
C 672 182
C 671 181
C 670 180
C 669 179
C 668 178
C 667 177
C 666 176
C 665 175
C 664 174
C 663 173
C 662 172
C 661 171
C 660 170
C 659 169
C 658 168
C 657 167
C 656 166
C 655 165
3 654 164
3 653 163
3 652 162
3 651 161
3 650 160
3 649 159
3 648 158
3 647 157
3 646 156
3 645 155
3 644 154
9 643 153
9 642 152
A 641 151
A 640 150
6 639 149
6 638 148
5 637 147
C 636 146
C 635 145
C 634 144
C 633 143
C 632 142
C 631 141
C 630 140
C 629 139
C 628 138
C 627 137
C 626 136
C 625 135
C 624 134
C 623 133
C 622 132
C 621 131
C 620 130
C 619 129
C 618 128
C 617 127
C 616 126
C 615 125
C 614 124
C 613 123
C 612 122
C 611 121
C 610 120
C 609 119
C 608 118
C 607 117
C 606 116
C 605 115
C 604 114
C 603 113
C 602 112
C 601 111
C 600 110
C 599 109
C 598 108
C 597 107
C 596 106
C 595 105
C 594 104
C 593 103
C 592 102
C 591 101
C 590 100
C 589 99
C 588 98
C 587 97
C 586 96
C 585 95
C 584 94
C 583 93
C 582 92
C 581 91
C 580 90
C 579 89
C 578 88
3 577 87
3 576 86
3 575 85
3 574 84
3 573 83
3 572 82
3 571 81
3 570 80
3 569 79
3 568 78
3 567 77
9 566 76
9 565 75
A 564 74
A 563 73
6 562 72
6 561 71
5 560 70
C 559 69
C 558 68
C 557 67
C 556 66
C 555 65
C 554 64
C 553 63
C 552 62
C 551 61
C 550 60
C 549 59
C 548 58
C 547 57
C 546 56
C 545 55
C 544 54
C 543 53
C 542 52
C 541 51
C 540 50
C 539 49
C 538 48
C 537 47
C 536 46
C 535 45
C 534 44
C 533 43
C 532 42
C 531 41
C 530 40
C 529 39
C 528 38
C 527 37
C 526 36
C 525 35
C 524 34
C 523 33
C 522 32
C 521 31
C 520 30
C 519 29
C 518 28
C 517 27
C 516 26
C 515 25
C 514 24
C 513 23
C 512 22
C 511 21
C 510 22
C 509 23
C 508 24
C 507 25
C 506 26
C 505 27
C 504 28
C 503 29
C 502 30
C 501 31
C 500 32
C 499 33
C 498 34
C 497 35
C 496 36
C 495 37
C 494 38
C 493 39
C 492 40
C 491 41
C 490 42
C 489 43
C 488 44
C 487 45
C 486 46
C 485 47
C 484 48
C 483 49
C 482 50
C 481 51
C 480 52
C 479 53
C 478 54
C 477 55
C 476 56
C 475 57
C 474 58
C 473 59
C 472 60
C 471 61
C 470 62
C 469 63
C 468 64
C 467 65
C 466 66
C 465 67
C 464 68
C 463 69
5 462 70
5 461 71
6 460 72
A 459 73
A 458 74
9 457 75
9 456 76
3 455 77
3 454 78
3 453 79
3 452 80
3 451 81
3 450 82
3 449 83
3 448 84
3 447 85
3 446 86
3 445 87
3 444 88
C 443 89
C 442 90
C 441 91
C 440 92
C 439 93
C 438 94
C 437 95
C 436 96
C 435 97
C 434 98
C 433 99
C 432 100
C 431 101
C 430 102
C 429 103
C 428 104
C 427 105
C 426 106
C 425 107
C 424 108
C 423 109
C 422 110
C 421 111
C 420 112
C 419 113
C 418 114
C 417 115
C 416 116
C 415 117
C 414 118
C 413 119
C 412 120
C 411 121
C 410 122
C 409 123
C 408 124
C 407 125
C 406 126
C 405 127
C 404 128
C 403 129
C 402 130
C 401 131
C 400 132
C 399 133
C 398 134
C 397 135
C 396 136
C 395 137
C 394 138
C 393 139
C 392 140
C 391 141
C 390 142
C 389 143
C 388 144
C 387 145
C 386 146
5 385 147
5 384 148
6 383 149
A 382 150
A 381 151
9 380 152
9 379 153
3 378 154
3 377 155
3 376 156
3 375 157
3 374 158
3 373 159
3 372 160
3 371 161
3 370 162
3 369 163
3 368 164
3 367 165
C 366 166
C 365 167
C 364 168
C 363 169
C 362 170
C 361 171
C 360 172
C 359 173
C 358 174
C 357 175
C 356 176
C 355 177
C 354 178
C 353 179
C 352 180
C 351 181
C 350 182
C 349 183
C 348 184
C 347 185
C 346 186
C 345 187
C 344 188
C 343 189
C 342 190
C 341 191
C 340 192
C 339 193
C 338 194
C 337 195
C 336 196
C 335 197
C 334 198
C 333 199
C 332 200
C 331 201
C 330 202
C 329 203
C 328 204
C 327 205
C 326 206
C 325 207
C 324 208
C 323 209
C 322 210
C 321 211
C 320 212
C 319 213
C 318 214
C 317 215
C 316 216
C 315 217
C 314 218
C 313 219
C 312 220
C 311 221
C 310 222
C 309 223
5 308 224
5 307 225
6 306 226
6 305 227
A 304 228
9 303 229
9 302 230
3 301 231
3 300 232
3 299 233
3 298 234
3 297 235
3 296 236
3 295 237
3 294 238
3 293 239
3 292 240
3 291 241
3 290 242
C 289 243
C 288 244
C 287 245
C 286 246
C 285 247
C 284 248
C 283 249
C 282 250
C 281 251
C 280 252
C 279 253
C 278 254
C 277 255
C 276 256
C 275 257
C 274 258
C 273 259
C 272 260
C 271 261
C 270 262
C 269 263
C 268 264
C 267 265
C 266 266
C 265 267
C 264 268
C 263 269
C 262 270
C 261 271
C 260 272
C 259 273
C 258 274
C 257 275
C 256 276
C 255 277
C 254 278
C 253 279
C 252 280
C 251 281
C 250 282
C 249 283
C 248 284
C 247 285
C 246 286
C 245 287
C 244 288
C 243 289
C 242 290
C 241 291
C 240 292
C 239 293
C 238 294
C 237 295
C 236 296
C 235 297
C 234 298
C 233 299
C 232 300
5 231 301
5 230 302
6 229 303
6 228 304
A 227 305
9 226 306
9 225 307
3 224 308
3 223 309
3 222 310
3 221 311
3 220 312
3 219 313
3 218 314
3 217 315
3 216 316
3 215 317
3 214 318
3 213 319
C 212 320
C 211 321
C 210 322
C 209 323
C 208 324
C 207 325
C 206 326
C 205 327
C 682 192
C 681 191
C 680 190
C 679 189
C 678 188
C 677 187
C 676 186
C 675 185
C 674 184
C 673 183
C 672 182
C 671 181
C 670 180
C 669 179
C 668 178
C 667 177
C 666 176
C 665 175
C 664 174
C 663 173
C 662 172
C 661 171
C 660 170
C 659 169
C 658 168
C 657 167
C 656 166
C 655 165
3 654 164
3 653 163
3 652 162
3 651 161
3 650 160
3 649 159
3 648 158
3 647 157
3 646 156
3 645 155
3 644 154
9 643 153
9 642 152
A 641 151
A 640 150
6 639 149
6 638 148
5 637 147
C 636 146
C 635 145
C 634 144
C 633 143
C 632 142
C 631 141
C 630 140
C 629 141
C 628 142
C 627 143
C 626 144
C 625 145
C 624 146
5 623 147
6 622 148
6 621 149
A 620 150
A 619 151
9 618 152
9 617 153
3 616 154
3 615 155
3 614 156
3 613 157
3 612 158
3 611 159
3 610 160
3 609 161
3 608 162
3 607 163
3 606 164
C 605 165
C 604 166
C 603 167
C 602 168
C 601 169
C 600 170
C 599 171
C 598 172
C 597 173
C 596 174
C 595 175
C 594 176
C 593 177
C 592 178
C 591 179
C 590 180
C 589 181
C 588 182
C 587 183
C 586 184
C 585 185
C 584 186
C 583 187
C 582 188
C 581 189
C 580 190
C 579 191
C 578 192
C 577 193
C 576 194
C 575 195
C 574 196
C 573 197
C 572 198
C 571 199
C 570 200
C 569 201
C 568 202
C 567 203
C 566 204
C 565 205
C 564 206
C 563 207
C 562 208
C 561 209
C 560 210
C 559 211
C 558 212
C 557 213
C 556 214
C 555 215
C 554 216
C 553 217
C 552 218
C 551 219
C 550 220
C 549 221
C 548 222
C 547 223
5 546 224
6 545 225
6 544 226
A 543 227
A 542 228
9 541 229
9 540 230
3 539 231
3 538 232
3 537 233
3 536 234
3 535 235
3 534 236
3 533 237
3 532 238
3 531 239
3 530 240
3 529 241
C 528 242
C 527 243
C 526 244
C 525 245
C 524 246
C 523 247
C 522 248
C 521 249
C 520 250
C 519 251
C 518 252
C 517 253
C 516 254
C 515 255
C 514 256
C 513 257
C 512 258
C 511 259
C 510 260
C 509 261
C 508 262
C 507 263
C 506 264
C 505 265
C 504 266
C 503 267
C 502 268
C 501 269
C 500 270
C 499 271
C 498 272
C 497 273
C 496 274
C 495 275
C 494 276
C 493 277
C 492 278
C 491 279
C 490 280
C 489 281
C 488 282
C 487 283
C 486 284
C 485 285
C 484 286
C 483 287
C 482 288
C 481 289
C 480 290
C 479 291
C 478 292
C 477 293
C 476 294
C 475 295
C 474 296
C 473 297
C 472 298
C 471 299
C 470 300
5 469 301
5 468 302
6 467 303
A 466 304
A 465 305
9 464 306
9 463 307
3 462 308
3 461 309
3 460 310
3 459 311
3 458 312
3 457 313
3 456 314
3 455 315
3 454 316
3 453 317
3 452 318
3 451 319
C 450 320
C 449 321
C 448 322
C 447 323
C 446 324
C 445 325
C 444 326
C 443 327
C 442 328
C 205 327
C 206 326
C 207 325
C 208 324
C 209 323
C 210 322
C 211 321
C 212 320
3 213 319
3 214 318
3 215 317
3 216 316
3 217 315
3 218 314
3 219 313
3 220 312
3 221 311
3 222 310
3 223 309
3 224 308
9 225 307
9 226 306
A 227 305
6 228 304
6 229 303
5 230 302
5 231 301
C 232 300
C 233 299
C 234 298
C 235 297
C 236 296
C 237 295
C 238 294
C 239 293
C 240 292
C 241 291
C 242 290
C 243 289
C 244 288
C 245 287
C 246 286
C 247 285
C 248 284
C 249 283
C 250 282
C 251 281
C 252 280
C 253 279
C 254 278
C 255 277
C 256 276
C 257 275
C 258 274
C 259 273
C 260 272
C 261 271
C 262 270
C 263 269
C 264 268
C 265 267
C 266 266
C 267 265
C 268 264
C 269 263
C 270 262
C 271 261
C 272 260
C 273 259
C 274 258
C 275 257
C 276 256
C 277 255
C 278 254
C 279 253
C 280 252
C 281 251
C 282 250
C 283 249
C 284 248
C 285 247
C 286 246
C 287 245
C 288 244
C 289 243
3 290 242
3 291 241
3 292 240
3 293 239
3 294 238
3 295 237
3 296 236
3 297 235
3 298 234
3 299 233
3 300 232
3 301 231
9 302 230
9 303 229
A 304 228
6 305 227
6 306 226
5 307 225
5 308 224
C 309 223
C 310 222
C 311 221
C 312 220
C 313 219
C 314 218
C 315 217
C 316 216
C 317 215
C 318 214
C 319 213
C 320 212
C 321 211
C 322 210
C 323 209
C 324 210
C 325 211
C 326 212
C 327 213
C 328 214
C 329 215
C 330 216
C 331 217
C 332 218
C 333 219
C 334 220
C 335 221
C 336 222
C 337 223
5 338 224
5 339 225
6 340 226
6 341 227
A 342 228
9 343 229
9 344 230
3 345 231
3 346 232
3 347 233
3 348 234
3 349 235
3 350 236
3 351 237
3 352 238
3 353 239
3 354 240
3 355 241
3 356 242
C 357 243
C 358 244
C 359 245
C 360 246
C 361 247
C 362 248
C 363 249
C 364 250
C 365 251
C 366 252
C 367 253
C 368 254
C 369 255
C 370 256
C 371 257
C 372 258
C 373 259
C 374 260
C 375 261
C 376 262
C 377 263
C 378 264
C 379 265
C 380 266
C 381 267
C 382 268
C 383 269
C 384 270
C 385 271
C 386 272
C 387 273
C 388 274
C 389 275
C 390 276
C 391 277
C 392 278
C 393 279
C 394 280
C 395 281
C 396 282
C 397 283
C 398 284
C 399 285
C 400 286
C 401 287
C 402 288
C 403 289
C 404 290
C 405 291
C 406 292
C 407 293
C 408 294
C 409 295
C 410 296
C 411 297
C 412 298
C 413 299
C 414 300
5 415 301
5 416 302
6 417 303
A 418 304
A 419 305
9 420 306
9 421 307
3 422 308
3 423 309
3 424 310
3 425 311
3 426 312
3 427 313
3 428 314
3 429 315
3 430 316
3 431 317
3 432 318
3 433 319
C 434 320
C 435 321
C 436 322
C 437 323
C 438 324
C 439 325
C 440 326
C 441 327
C 442 328
